#include "CFInterpMatrix.H"

// This file is automatically generated by matlab.

template<>
const int CFInterpMatrix<4,2,4,0,0>::s_int[] =
{4, 2, 4, 4096, 60256, 15};
template<>
const int CFInterpMatrix<4,2,4,0,0>::s_lattice[][2] =
{
  {0,0},
  {-1,0},
  {-2,0},
  {-3,0},
  {-4,0},
  {0,-1},
  {-1,-1},
  {-2,-1},
  {-3,-1},
  {0,-2},
  {-1,-2},
  {-2,-2},
  {0,-3},
  {-1,-3},
  {0,-4}
};
template<>
const int CFInterpMatrix<4,2,4,0,0>::s_matrix[][16] =
{
  {-18,562,1582,3178,562,1582,3178,5502,1582,3178,5502,8722,3178,5502,8722,13022},
  {2796,1936,-304,-4428,3976,2556,-572,-5960,5416,3284,-916,-7784,7140,4128,-1344,-9924},
  {-2379,-1989,21,4347,-2849,-2319,79,5089,-3359,-2673,145,5887,-3909,-3051,219,6741},
  {1161,1031,41,-2233,1251,1101,35,-2387,1341,1171,29,-2541,1431,1241,23,-2695},
  {-234,-214,-14,462,-234,-214,-14,462,-234,-214,-14,462,-234,-214,-14,462},
  {2796,3976,5416,7140,1936,2556,3284,4128,-304,-572,-916,-1344,-4428,-5960,-7784,-9924},
  {2746,1330,-690,-3386,1330,610,-354,-1586,-690,-354,162,882,-3386,-1586,882,4090},
  {-845,-579,115,1309,-335,-225,49,511,255,177,-33,-399,925,627,-131,-1421},
  {135,105,-9,-231,45,35,-3,-77,-45,-35,3,77,-135,-105,9,231},
  {-2379,-2849,-3359,-3909,-1989,-2319,-2673,-3051,21,79,145,219,4347,5089,5887,6741},
  {-845,-335,255,925,-579,-225,177,627,115,49,-33,-131,1309,511,-399,-1421},
  {100,60,-20,-140,60,36,-12,-84,-20,-12,4,28,-140,-84,28,196},
  {1161,1251,1341,1431,1031,1101,1171,1241,41,35,29,23,-2233,-2387,-2541,-2695},
  {135,45,-45,-135,105,35,-35,-105,-9,-3,3,9,-231,-77,77,231},
  {-234,-234,-234,-234,-214,-214,-214,-214,-14,-14,-14,-14,462,462,462,462}
};


template<>
const int CFInterpMatrix<4,2,4,1,0>::s_int[] =
{4, 2, 4, 4096, 31528, 15};
template<>
const int CFInterpMatrix<4,2,4,1,0>::s_lattice[][2] =
{
  {0,0},
  {1,0},
  {-1,0},
  {-2,0},
  {-3,0},
  {0,-1},
  {1,-1},
  {-1,-1},
  {-2,-1},
  {0,-2},
  {1,-2},
  {-1,-2},
  {0,-3},
  {1,-3},
  {0,-4}
};
template<>
const int CFInterpMatrix<4,2,4,1,0>::s_matrix[][16] =
{
  {42,942,1838,2482,1162,2334,3366,3962,3010,4430,5542,6002,5770,7398,8518,8738},
  {136,-4,-88,-44,-24,-108,-64,196,-308,-264,-4,576,-740,-480,100,1120},
  {1701,651,-603,-1749,2191,769,-801,-2159,2737,895,-1023,-2609,3339,1029,-1269,-3099},
  {-679,-329,217,791,-749,-355,243,861,-819,-381,269,931,-889,-407,295,1001},
  {126,66,-38,-154,126,66,-38,-154,126,66,-38,-154,126,66,-38,-154},
  {4746,5026,4990,4566,3106,3122,2990,2686,-658,-802,-862,-814,-7194,-7346,-7118,-6438},
  {-740,-360,184,916,-480,-212,132,560,112,68,-20,-160,1108,504,-296,-1316},
  {931,205,-381,-755,385,79,-159,-305,-273,-63,111,225,-1043,-221,429,835},
  {-105,-39,39,105,-35,-13,13,35,35,13,-13,-35,105,39,-39,-105},
  {-3489,-3299,-3029,-2679,-2799,-2637,-2427,-2169,135,133,115,81,6153,5803,5341,4767},
  {505,195,-155,-545,375,141,-117,-399,-47,-21,13,55,-833,-315,259,889},
  {-140,-20,60,100,-84,-12,36,60,28,4,-12,-20,196,28,-84,-140},
  {1431,1341,1251,1161,1241,1171,1101,1031,23,29,35,41,-2695,-2541,-2387,-2233},
  {-135,-45,45,135,-105,-35,35,105,9,3,-3,-9,231,77,-77,-231},
  {-234,-234,-234,-234,-214,-214,-214,-214,-14,-14,-14,-14,462,462,462,462}
};


template<>
const int CFInterpMatrix<4,2,4,2,0>::s_int[] =
{4, 2, 4, 4096, 36848, 15};
template<>
const int CFInterpMatrix<4,2,4,2,0>::s_lattice[][2] =
{
  {0,0},
  {1,0},
  {2,0},
  {-1,0},
  {-2,0},
  {0,-1},
  {1,-1},
  {2,-1},
  {-1,-1},
  {0,-2},
  {1,-2},
  {2,-2},
  {0,-3},
  {1,-3},
  {0,-4}
};
template<>
const int CFInterpMatrix<4,2,4,2,0>::s_matrix[][16] =
{
  {252,1308,1872,1872,1960,2880,3172,2812,4564,5180,5048,4192,8248,8376,7652,6148},
  {346,-118,-234,6,-262,-350,-34,646,-1162,-658,274,1546,-2378,-1050,698,2730},
  {-119,7,61,51,7,41,11,-59,189,83,-63,-209,427,133,-161,-399},
  {1001,167,-439,-729,1155,173,-509,-819,1309,179,-579,-909,1463,185,-649,-999},
  {-154,-38,66,126,-154,-38,66,126,-154,-38,66,126,-154,-38,66,126},
  {6216,5380,4396,3336,3820,3272,2696,2116,-1036,-904,-712,-484,-9000,-7748,-6380,-4968},
  {-2000,-636,700,1936,-1124,-336,400,1060,420,144,-144,-420,2704,828,-956,-2576},
  {385,79,-159,-305,203,37,-85,-155,-91,-21,37,75,-497,-95,207,385},
  {231,9,-105,-135,77,3,-35,-45,-77,-3,35,45,-231,-9,105,135},
  {-3909,-3359,-2849,-2379,-3051,-2673,-2319,-1989,219,145,79,21,6741,5887,5089,4347},
  {925,255,-335,-845,627,177,-225,-579,-131,-33,49,115,-1421,-399,511,1309},
  {-140,-20,60,100,-84,-12,36,60,28,4,-12,-20,196,28,-84,-140},
  {1431,1341,1251,1161,1241,1171,1101,1031,23,29,35,41,-2695,-2541,-2387,-2233},
  {-135,-45,45,135,-105,-35,35,105,9,3,-3,-9,231,77,-77,-231},
  {-234,-234,-234,-234,-214,-214,-214,-214,-14,-14,-14,-14,462,462,462,462}
};


template<>
const int CFInterpMatrix<4,2,4,0,1>::s_int[] =
{4, 2, 4, 4096, 31528, 15};
template<>
const int CFInterpMatrix<4,2,4,0,1>::s_lattice[][2] =
{
  {0,0},
  {-1,0},
  {-2,0},
  {-3,0},
  {-4,0},
  {0,1},
  {-1,1},
  {-2,1},
  {-3,1},
  {0,-1},
  {-1,-1},
  {-2,-1},
  {0,-2},
  {-1,-2},
  {0,-3}
};
template<>
const int CFInterpMatrix<4,2,4,0,1>::s_matrix[][16] =
{
  {42,1162,3010,5770,942,2334,4430,7398,1838,3366,5542,8518,2482,3962,6002,8738},
  {4746,3106,-658,-7194,5026,3122,-802,-7346,4990,2990,-862,-7118,4566,2686,-814,-6438},
  {-3489,-2799,135,6153,-3299,-2637,133,5803,-3029,-2427,115,5341,-2679,-2169,81,4767},
  {1431,1241,23,-2695,1341,1171,29,-2541,1251,1101,35,-2387,1161,1031,41,-2233},
  {-234,-214,-14,462,-234,-214,-14,462,-234,-214,-14,462,-234,-214,-14,462},
  {136,-24,-308,-740,-4,-108,-264,-480,-88,-64,-4,100,-44,196,576,1120},
  {-740,-480,112,1108,-360,-212,68,504,184,132,-20,-296,916,560,-160,-1316},
  {505,375,-47,-833,195,141,-21,-315,-155,-117,13,259,-545,-399,55,889},
  {-135,-105,9,231,-45,-35,3,77,45,35,-3,-77,135,105,-9,-231},
  {1701,2191,2737,3339,651,769,895,1029,-603,-801,-1023,-1269,-1749,-2159,-2609,-3099},
  {931,385,-273,-1043,205,79,-63,-221,-381,-159,111,429,-755,-305,225,835},
  {-140,-84,28,196,-20,-12,4,28,60,36,-12,-84,100,60,-20,-140},
  {-679,-749,-819,-889,-329,-355,-381,-407,217,243,269,295,791,861,931,1001},
  {-105,-35,35,105,-39,-13,13,39,39,13,-13,-39,105,35,-35,-105},
  {126,126,126,126,66,66,66,66,-38,-38,-38,-38,-154,-154,-154,-154}
};


template<>
const int CFInterpMatrix<4,2,4,1,1>::s_int[] =
{4, 2, 4, 4096, 14756, 15};
template<>
const int CFInterpMatrix<4,2,4,1,1>::s_lattice[][2] =
{
  {0,0},
  {1,0},
  {-1,0},
  {-2,0},
  {-3,0},
  {0,1},
  {1,1},
  {-1,1},
  {-2,1},
  {0,-1},
  {1,-1},
  {-1,-1},
  {0,-2},
  {1,-2},
  {0,-3}
};
template<>
const int CFInterpMatrix<4,2,4,1,1>::s_matrix[][16] =
{
  {282,1938,3422,4342,1938,3394,4590,5182,3422,4590,5474,5778,4342,5182,5778,5882},
  {226,-46,-166,-14,-122,-186,-58,366,-426,-290,46,670,-614,-334,122,826},
  {2751,945,-1017,-2679,2653,883,-987,-2549,2443,805,-909,-2339,2121,711,-783,-2049},
  {-889,-407,295,1001,-819,-381,269,931,-749,-355,243,861,-679,-329,217,791},
  {126,66,-38,-154,126,66,-38,-154,126,66,-38,-154,126,66,-38,-154},
  {226,-122,-426,-614,-46,-186,-290,-334,-166,-58,46,122,-14,366,670,826},
  {-110,-14,54,70,-14,10,14,-10,54,14,-22,-46,70,-10,-46,-14},
  {-455,-137,177,415,-189,-51,75,165,133,43,-51,-125,511,145,-201,-455},
  {105,39,-39,-105,35,13,-13,-35,-35,-13,13,35,-105,-39,39,105},
  {2751,2653,2443,2121,945,883,805,711,-1017,-987,-909,-783,-2679,-2549,-2339,-2049},
  {-455,-189,133,511,-137,-51,43,145,177,75,-51,-201,415,165,-125,-455},
  {196,28,-84,-140,28,4,-12,-20,-84,-12,36,60,-140,-20,60,100},
  {-889,-819,-749,-679,-407,-381,-355,-329,295,269,243,217,1001,931,861,791},
  {105,35,-35,-105,39,13,-13,-39,-39,-13,13,39,-105,-35,35,105},
  {126,126,126,126,66,66,66,66,-38,-38,-38,-38,-154,-154,-154,-154}
};


template<>
const int CFInterpMatrix<4,2,4,2,1>::s_int[] =
{4, 2, 4, 4096, 14798, 15};
template<>
const int CFInterpMatrix<4,2,4,2,1>::s_lattice[][2] =
{
  {0,0},
  {1,0},
  {2,0},
  {-1,0},
  {-2,0},
  {0,1},
  {1,1},
  {2,1},
  {-1,1},
  {0,-1},
  {1,-1},
  {2,-1},
  {0,-2},
  {1,-2},
  {0,-3}
};
template<>
const int CFInterpMatrix<4,2,4,2,1>::s_matrix[][16] =
{
  {996,2664,3312,3012,3240,4108,4204,3552,4976,5244,4956,4088,5812,5728,5272,4372},
  {352,-364,-324,336,-724,-544,112,1156,-1420,-640,400,1660,-1664,-628,516,1776},
  {-161,49,91,21,105,71,-27,-149,259,77,-97,-239,301,67,-119,-249},
  {1463,185,-649,-999,1309,179,-579,-909,1155,173,-509,-819,1001,167,-439,-729},
  {-154,-38,66,126,-154,-38,66,126,-154,-38,66,126,-154,-38,66,126},
  {184,-272,-444,-404,-172,-252,-248,-184,-208,-16,76,92,196,540,616,496},
  {-278,58,150,70,42,50,-2,-90,166,-2,-78,-86,70,-106,-70,106},
  {91,-11,-45,-35,-7,-9,1,15,-49,1,23,25,-35,19,21,-5},
  {-231,-9,105,135,-77,-3,35,45,77,3,-35,-45,231,9,-105,-135},
  {3339,2737,2191,1701,1029,895,769,651,-1269,-1023,-801,-603,-3099,-2609,-2159,-1749},
  {-1043,-273,385,931,-221,-63,79,205,429,111,-159,-381,835,225,-305,-755},
  {196,28,-84,-140,28,4,-12,-20,-84,-12,36,60,-140,-20,60,100},
  {-889,-819,-749,-679,-407,-381,-355,-329,295,269,243,217,1001,931,861,791},
  {105,35,-35,-105,39,13,-13,-39,-39,-13,13,39,-105,-35,35,105},
  {126,126,126,126,66,66,66,66,-38,-38,-38,-38,-154,-154,-154,-154}
};


template<>
const int CFInterpMatrix<4,2,4,0,2>::s_int[] =
{4, 2, 4, 4096, 36848, 15};
template<>
const int CFInterpMatrix<4,2,4,0,2>::s_lattice[][2] =
{
  {0,0},
  {-1,0},
  {-2,0},
  {-3,0},
  {-4,0},
  {0,1},
  {-1,1},
  {-2,1},
  {-3,1},
  {0,2},
  {-1,2},
  {-2,2},
  {0,-1},
  {-1,-1},
  {0,-2}
};
template<>
const int CFInterpMatrix<4,2,4,0,2>::s_matrix[][16] =
{
  {252,1960,4564,8248,1308,2880,5180,8376,1872,3172,5048,7652,1872,2812,4192,6148},
  {6216,3820,-1036,-9000,5380,3272,-904,-7748,4396,2696,-712,-6380,3336,2116,-484,-4968},
  {-3909,-3051,219,6741,-3359,-2673,145,5887,-2849,-2319,79,5089,-2379,-1989,21,4347},
  {1431,1241,23,-2695,1341,1171,29,-2541,1251,1101,35,-2387,1161,1031,41,-2233},
  {-234,-214,-14,462,-234,-214,-14,462,-234,-214,-14,462,-234,-214,-14,462},
  {346,-262,-1162,-2378,-118,-350,-658,-1050,-234,-34,274,698,6,646,1546,2730},
  {-2000,-1124,420,2704,-636,-336,144,828,700,400,-144,-956,1936,1060,-420,-2576},
  {925,627,-131,-1421,255,177,-33,-399,-335,-225,49,511,-845,-579,115,1309},
  {-135,-105,9,231,-45,-35,3,77,45,35,-3,-77,135,105,-9,-231},
  {-119,7,189,427,7,41,83,133,61,11,-63,-161,51,-59,-209,-399},
  {385,203,-91,-497,79,37,-21,-95,-159,-85,37,207,-305,-155,75,385},
  {-140,-84,28,196,-20,-12,4,28,60,36,-12,-84,100,60,-20,-140},
  {1001,1155,1309,1463,167,173,179,185,-439,-509,-579,-649,-729,-819,-909,-999},
  {231,77,-77,-231,9,3,-3,-9,-105,-35,35,105,-135,-45,45,135},
  {-154,-154,-154,-154,-38,-38,-38,-38,66,66,66,66,126,126,126,126}
};


template<>
const int CFInterpMatrix<4,2,4,1,2>::s_int[] =
{4, 2, 4, 4096, 14798, 15};
template<>
const int CFInterpMatrix<4,2,4,1,2>::s_lattice[][2] =
{
  {0,0},
  {1,0},
  {-1,0},
  {-2,0},
  {-3,0},
  {0,1},
  {1,1},
  {-1,1},
  {-2,1},
  {0,2},
  {1,2},
  {-1,2},
  {0,-1},
  {1,-1},
  {0,-2}
};
template<>
const int CFInterpMatrix<4,2,4,1,2>::s_matrix[][16] =
{
  {996,3240,4976,5812,2664,4108,5244,5728,3312,4204,4956,5272,3012,3552,4088,4372},
  {184,-172,-208,196,-272,-252,-16,540,-444,-248,76,616,-404,-184,92,496},
  {3339,1029,-1269,-3099,2737,895,-1023,-2609,2191,769,-801,-2159,1701,651,-603,-1749},
  {-889,-407,295,1001,-819,-381,269,931,-749,-355,243,861,-679,-329,217,791},
  {126,66,-38,-154,126,66,-38,-154,126,66,-38,-154,126,66,-38,-154},
  {352,-724,-1420,-1664,-364,-544,-640,-628,-324,112,400,516,336,1156,1660,1776},
  {-278,42,166,70,58,50,-2,-106,150,-2,-78,-70,70,-90,-86,106},
  {-1043,-221,429,835,-273,-63,111,225,385,79,-159,-305,931,205,-381,-755},
  {105,39,-39,-105,35,13,-13,-35,-35,-13,13,35,-105,-39,39,105},
  {-161,105,259,301,49,71,77,67,91,-27,-97,-119,21,-149,-239,-249},
  {91,-7,-49,-35,-11,-9,1,19,-45,1,23,21,-35,15,25,-5},
  {196,28,-84,-140,28,4,-12,-20,-84,-12,36,60,-140,-20,60,100},
  {1463,1309,1155,1001,185,179,173,167,-649,-579,-509,-439,-999,-909,-819,-729},
  {-231,-77,77,231,-9,-3,3,9,105,35,-35,-105,135,45,-45,-135},
  {-154,-154,-154,-154,-38,-38,-38,-38,66,66,66,66,126,126,126,126}
};


template<>
const int CFInterpMatrix<4,2,4,2,2>::s_int[] =
{4, 2, 4, 4096, 13440, 15};
template<>
const int CFInterpMatrix<4,2,4,2,2>::s_lattice[][2] =
{
  {0,0},
  {1,0},
  {2,0},
  {-1,0},
  {-2,0},
  {0,1},
  {1,1},
  {2,1},
  {-1,1},
  {0,2},
  {1,2},
  {2,2},
  {0,-1},
  {1,-1},
  {0,-2}
};
template<>
const int CFInterpMatrix<4,2,4,2,2>::s_matrix[][16] =
{
  {3474,4218,4110,3222,4218,4858,4750,3918,4110,4750,4762,4122,3222,3918,4122,3762},
  {-1454,-742,390,1806,-1126,-646,262,1510,-682,-490,106,1066,-194,-298,-54,546},
  {427,133,-161,-399,189,83,-63,-209,7,41,11,-59,-119,7,61,51},
  {1463,185,-649,-999,1309,179,-579,-909,1155,173,-509,-819,1001,167,-439,-729},
  {-154,-38,66,126,-154,-38,66,126,-154,-38,66,126,-154,-38,66,126},
  {-1454,-1126,-682,-194,-742,-646,-490,-298,390,262,106,-54,1806,1510,1066,546},
  {1318,366,-494,-1190,366,126,-126,-366,-494,-126,190,430,-1190,-366,430,1126},
  {-497,-95,207,385,-91,-21,37,75,203,37,-85,-155,385,79,-159,-305},
  {-231,-9,105,135,-77,-3,35,45,77,3,-35,-45,231,9,-105,-135},
  {427,189,7,-119,133,83,41,7,-161,-63,11,61,-399,-209,-59,51},
  {-497,-91,203,385,-95,-21,37,79,207,37,-85,-159,385,75,-155,-305},
  {196,28,-84,-140,28,4,-12,-20,-84,-12,36,60,-140,-20,60,100},
  {1463,1309,1155,1001,185,179,173,167,-649,-579,-509,-439,-999,-909,-819,-729},
  {-231,-77,77,231,-9,-3,3,9,105,35,-35,-105,135,45,-45,-135},
  {-154,-154,-154,-154,-38,-38,-38,-38,66,66,66,66,126,126,126,126}
};


