#include "CFInterpMatrix.H"

// This file is automatically generated by matlab.

template<>
const int CFInterpMatrix<5,2,4,0,0>::s_int[] =
{5, 2, 4, 16384, 413504, 21};
template<>
const int CFInterpMatrix<5,2,4,0,0>::s_lattice[][2] =
{
  {0,0},
  {-1,0},
  {-2,0},
  {-3,0},
  {-4,0},
  {-5,0},
  {0,-1},
  {-1,-1},
  {-2,-1},
  {-3,-1},
  {-4,-1},
  {0,-2},
  {-1,-2},
  {-2,-2},
  {-3,-2},
  {0,-3},
  {-1,-3},
  {-2,-3},
  {0,-4},
  {-1,-4},
  {0,-5}
};
template<>
const int CFInterpMatrix<5,2,4,0,0>::s_matrix[][16] =
{
  {-246,1652,5390,11768,1652,5390,11768,21762,5390,11768,21762,36540,11768,21762,36540,57478},
  {11619,8953,-453,-20119,17675,12569,-1517,-28727,25591,17085,-3049,-39627,35687,22629,-5145,-53171},
  {-13140,-12180,-1070,26390,-16744,-15024,-894,32662,-20918,-18258,-640,39816,-25702,-21906,-300,47908},
  {9645,9475,1285,-20405,11031,10681,1311,-23023,12507,11957,1331,-25795,14073,13303,1345,-28721},
  {-3900,-3940,-630,8470,-4134,-4154,-644,8932,-4368,-4368,-658,9394,-4602,-4582,-672,9856},
  {663,681,119,-1463,663,681,119,-1463,663,681,119,-1463,663,681,119,-1463},
  {11619,17675,25591,35687,8953,12569,17085,22629,-453,-1517,-3049,-5145,-20119,-28727,-39627,-53171},
  {16492,8932,-3504,-21920,8932,4556,-2080,-11408,-3504,-2080,628,4956,-21920,-11408,4956,28372},
  {-7511,-5697,559,12649,-3377,-2487,313,5551,2037,1587,-117,-3507,8851,6597,-755,-14693},
  {2394,2054,18,-4466,918,778,-2,-1694,-738,-638,-10,1386,-2574,-2194,-6,4774},
  {-351,-321,-21,693,-117,-107,-7,231,117,107,7,-231,351,321,21,-693},
  {-13140,-16744,-20918,-25702,-12180,-15024,-18258,-21906,-1070,-894,-640,-300,26390,32662,39816,47908},
  {-7511,-3377,2037,8851,-5697,-2487,1587,6597,559,313,-117,-755,12649,5551,-3507,-14693},
  {1750,1170,-260,-2660,1170,774,-180,-1764,-260,-180,34,406,-2660,-1764,406,4018},
  {-225,-175,15,385,-135,-105,9,231,45,35,-3,-77,315,245,-21,-539},
  {9645,11031,12507,14073,9475,10681,11957,13303,1285,1311,1331,1345,-20405,-23023,-25795,-28721},
  {2394,918,-738,-2574,2054,778,-638,-2194,18,-2,-10,-6,-4466,-1694,1386,4774},
  {-225,-135,45,315,-175,-105,35,245,15,9,-3,-21,385,231,-77,-539},
  {-3900,-4134,-4368,-4602,-3940,-4154,-4368,-4582,-630,-644,-658,-672,8470,8932,9394,9856},
  {-351,-117,117,351,-321,-107,107,321,-21,-7,7,21,693,231,-231,-693},
  {663,663,663,663,681,681,681,681,119,119,119,119,-1463,-1463,-1463,-1463}
};


template<>
const int CFInterpMatrix<5,2,4,1,0>::s_int[] =
{5, 2, 4, 16384, 202986, 21};
template<>
const int CFInterpMatrix<5,2,4,1,0>::s_lattice[][2] =
{
  {0,0},
  {1,0},
  {-1,0},
  {-2,0},
  {-3,0},
  {-4,0},
  {0,-1},
  {1,-1},
  {-1,-1},
  {-2,-1},
  {-3,-1},
  {0,-2},
  {1,-2},
  {-1,-2},
  {-2,-2},
  {0,-3},
  {1,-3},
  {-1,-3},
  {0,-4},
  {1,-4},
  {0,-5}
};
template<>
const int CFInterpMatrix<5,2,4,1,0>::s_matrix[][16] =
{
  {-300,2794,6428,9642,3338,7992,12802,16440,10136,16542,22504,26278,21302,29588,36582,40076},
  {489,67,-275,-281,85,-257,-263,435,-819,-825,-127,1771,-2407,-1709,189,3927},
  {7560,3520,-2370,-8710,10556,4476,-3498,-11534,14182,5570,-4884,-14868,18494,6810,-6552,-18752},
  {-4515,-2605,1205,5915,-5369,-2999,1487,6881,-6293,-3419,1795,7917,-7287,-3865,2129,9023},
  {1680,1040,-410,-2310,1806,1106,-448,-2464,1932,1172,-486,-2618,2058,1238,-524,-2772},
  {-273,-175,63,385,-273,-175,63,385,-273,-175,63,385,-273,-175,63,385},
  {20007,22831,24235,23499,14761,15745,15877,14853,-1365,-2357,-3089,-3353,-33403,-36219,-37023,-34999},
  {-2880,-1544,612,3812,-2196,-1060,544,2712,168,176,20,-364,4908,2428,-1176,-6160},
  {6853,1939,-2661,-6131,3283,853,-1299,-2837,-1743,-537,663,1617,-8393,-2255,3297,7351},
  {-1526,-682,514,1694,-602,-262,206,658,462,210,-154,-518,1666,734,-566,-1834},
  {189,99,-57,-231,63,33,-19,-77,-63,-33,19,77,-189,-99,57,231},
  {-20277,-20063,-19049,-17115,-18147,-17673,-16623,-14925,-1007,-757,-595,-545,39431,38493,36267,32585},
  {3006,1282,-852,-3436,2586,1062,-756,-2892,36,-20,-30,14,-5628,-2324,1638,6314},
  {-2030,-410,840,1600,-1386,-270,576,1080,280,64,-114,-230,3136,616,-1302,-2450},
  {175,65,-65,-175,105,39,-39,-105,-35,-13,13,35,-245,-91,91,245},
  {13128,12372,11436,10320,12568,11852,10996,10000,1408,1340,1284,1240,-27104,-25564,-23716,-21560},
  {-1629,-603,513,1719,-1459,-533,463,1529,-69,-19,25,63,3157,1155,-1001,-3311},
  {315,45,-135,-225,245,35,-105,-175,-21,-3,9,15,-539,-77,231,385},
  {-4602,-4368,-4134,-3900,-4582,-4368,-4154,-3940,-672,-658,-644,-630,9856,9394,8932,8470},
  {351,117,-117,-351,321,107,-107,-321,21,7,-7,-21,-693,-231,231,693},
  {663,663,663,663,681,681,681,681,119,119,119,119,-1463,-1463,-1463,-1463}
};


template<>
const int CFInterpMatrix<5,2,4,2,0>::s_int[] =
{5, 2, 4, 16384, 217924, 21};
template<>
const int CFInterpMatrix<5,2,4,2,0>::s_lattice[][2] =
{
  {0,0},
  {1,0},
  {2,0},
  {-1,0},
  {-2,0},
  {-3,0},
  {0,-1},
  {1,-1},
  {2,-1},
  {-1,-1},
  {-2,-1},
  {0,-2},
  {1,-2},
  {2,-2},
  {-1,-2},
  {0,-3},
  {1,-3},
  {2,-3},
  {0,-4},
  {1,-4},
  {0,-5}
};
template<>
const int CFInterpMatrix<5,2,4,2,0>::s_matrix[][16] =
{
  {-90,3904,6848,7902,5438,9948,12596,12590,15134,19584,21264,19478,30374,33980,33828,29366},
  {1441,-93,-847,-501,-83,-881,-451,1415,-2975,-2101,425,4651,-7587,-3849,1909,9527},
  {-406,-34,194,246,-140,68,100,-28,392,224,-104,-512,1246,442,-442,-1246},
  {5005,1315,-2075,-4245,6391,1497,-2689,-5199,7931,1685,-3373,-6243,9625,1879,-4127,-7377},
  {-1540,-540,610,1470,-1694,-578,676,1596,-1848,-616,742,1722,-2002,-654,808,1848},
  {231,89,-89,-231,231,89,-89,-231,231,89,-89,-231,231,89,-89,-231},
  {26832,25006,21670,17064,18856,16858,14274,11248,-2604,-2870,-2662,-2028,-43084,-38994,-33282,-26284},
  {-8060,-2964,2632,8392,-5556,-1852,1896,5512,952,472,-260,-1164,12664,4344,-4268,-12740},
  {1484,364,-592,-1256,1008,216,-412,-812,-196,-68,72,192,-2296,-512,932,1876},
  {2618,294,-1166,-1746,1078,106,-482,-702,-770,-94,342,522,-2926,-306,1306,1926},
  {-231,-57,99,189,-77,-19,33,63,77,19,-33,-63,231,57,-99,-189},
  {-24162,-20858,-17444,-14040,-20982,-18222,-15444,-12720,-608,-652,-754,-890,45752,39732,33642,27650},
  {6541,1947,-2327,-6161,5211,1533,-1857,-4887,-293,-99,103,289,-11459,-3381,4081,10759},
  {-1120,-200,470,850,-840,-144,354,630,98,22,-40,-80,1862,322,-784,-1400},
  {-385,-15,175,225,-231,-9,105,135,77,3,-35,-45,539,21,-245,-315},
  {14073,12507,11031,9645,13303,11957,10681,9475,1345,1331,1311,1285,-28721,-25795,-23023,-20405},
  {-2574,-738,918,2394,-2194,-638,778,2054,-6,-10,-2,18,4774,1386,-1694,-4466},
  {315,45,-135,-225,245,35,-105,-175,-21,-3,9,15,-539,-77,231,385},
  {-4602,-4368,-4134,-3900,-4582,-4368,-4154,-3940,-672,-658,-644,-630,9856,9394,8932,8470},
  {351,117,-117,-351,321,107,-107,-321,21,7,-7,-21,-693,-231,231,693},
  {663,663,663,663,681,681,681,681,119,119,119,119,-1463,-1463,-1463,-1463}
};


template<>
const int CFInterpMatrix<5,2,4,0,1>::s_int[] =
{5, 2, 4, 16384, 202986, 21};
template<>
const int CFInterpMatrix<5,2,4,0,1>::s_lattice[][2] =
{
  {0,0},
  {-1,0},
  {-2,0},
  {-3,0},
  {-4,0},
  {-5,0},
  {0,1},
  {-1,1},
  {-2,1},
  {-3,1},
  {-4,1},
  {0,-1},
  {-1,-1},
  {-2,-1},
  {-3,-1},
  {0,-2},
  {-1,-2},
  {-2,-2},
  {0,-3},
  {-1,-3},
  {0,-4}
};
template<>
const int CFInterpMatrix<5,2,4,0,1>::s_matrix[][16] =
{
  {-300,3338,10136,21302,2794,7992,16542,29588,6428,12802,22504,36582,9642,16440,26278,40076},
  {20007,14761,-1365,-33403,22831,15745,-2357,-36219,24235,15877,-3089,-37023,23499,14853,-3353,-34999},
  {-20277,-18147,-1007,39431,-20063,-17673,-757,38493,-19049,-16623,-595,36267,-17115,-14925,-545,32585},
  {13128,12568,1408,-27104,12372,11852,1340,-25564,11436,10996,1284,-23716,10320,10000,1240,-21560},
  {-4602,-4582,-672,9856,-4368,-4368,-658,9394,-4134,-4154,-644,8932,-3900,-3940,-630,8470},
  {663,681,119,-1463,663,681,119,-1463,663,681,119,-1463,663,681,119,-1463},
  {489,85,-819,-2407,67,-257,-825,-1709,-275,-263,-127,189,-281,435,1771,3927},
  {-2880,-2196,168,4908,-1544,-1060,176,2428,612,544,20,-1176,3812,2712,-364,-6160},
  {3006,2586,36,-5628,1282,1062,-20,-2324,-852,-756,-30,1638,-3436,-2892,14,6314},
  {-1629,-1459,-69,3157,-603,-533,-19,1155,513,463,25,-1001,1719,1529,63,-3311},
  {351,321,21,-693,117,107,7,-231,-117,-107,-7,231,-351,-321,-21,693},
  {7560,10556,14182,18494,3520,4476,5570,6810,-2370,-3498,-4884,-6552,-8710,-11534,-14868,-18752},
  {6853,3283,-1743,-8393,1939,853,-537,-2255,-2661,-1299,663,3297,-6131,-2837,1617,7351},
  {-2030,-1386,280,3136,-410,-270,64,616,840,576,-114,-1302,1600,1080,-230,-2450},
  {315,245,-21,-539,45,35,-3,-77,-135,-105,9,231,-225,-175,15,385},
  {-4515,-5369,-6293,-7287,-2605,-2999,-3419,-3865,1205,1487,1795,2129,5915,6881,7917,9023},
  {-1526,-602,462,1666,-682,-262,210,734,514,206,-154,-566,1694,658,-518,-1834},
  {175,105,-35,-245,65,39,-13,-91,-65,-39,13,91,-175,-105,35,245},
  {1680,1806,1932,2058,1040,1106,1172,1238,-410,-448,-486,-524,-2310,-2464,-2618,-2772},
  {189,63,-63,-189,99,33,-33,-99,-57,-19,19,57,-231,-77,77,231},
  {-273,-273,-273,-273,-175,-175,-175,-175,63,63,63,63,385,385,385,385}
};


template<>
const int CFInterpMatrix<5,2,4,1,1>::s_int[] =
{5, 2, 4, 16384, 86548, 21};
template<>
const int CFInterpMatrix<5,2,4,1,1>::s_lattice[][2] =
{
  {0,0},
  {1,0},
  {-1,0},
  {-2,0},
  {-3,0},
  {-4,0},
  {0,1},
  {1,1},
  {-1,1},
  {-2,1},
  {-3,1},
  {0,-1},
  {1,-1},
  {-1,-1},
  {-2,-1},
  {0,-2},
  {1,-2},
  {-1,-2},
  {0,-3},
  {1,-3},
  {0,-4}
};
template<>
const int CFInterpMatrix<5,2,4,1,1>::s_matrix[][16] =
{
  {-174,5620,11942,17088,5620,11718,17696,21882,11942,17696,22842,25836,17088,21882,25836,27630},
  {897,55,-539,-413,-99,-469,-303,871,-1239,-977,21,2195,-2211,-1333,345,3199},
  {12663,5473,-4179,-13957,13237,5363,-4497,-14103,13027,5045,-4503,-13569,11865,4495,-4125,-12235},
  {-6552,-3592,1856,8288,-6188,-3380,1756,7812,-5684,-3116,1604,7196,-5040,-2800,1400,6440},
  {2058,1238,-524,-2772,1932,1172,-486,-2618,1806,1106,-448,-2464,1680,1040,-410,-2310},
  {-273,-175,63,385,-273,-175,63,385,-273,-175,63,385,-273,-175,63,385},
  {897,-99,-1239,-2211,55,-469,-977,-1333,-539,-303,21,345,-413,871,2195,3199},
  {-328,-92,140,280,-92,0,56,36,140,56,-48,-148,280,36,-148,-168},
  {-1974,-834,672,2136,-938,-350,336,952,504,240,-162,-582,2408,944,-846,-2506},
  {931,461,-293,-1099,357,171,-115,-413,-287,-145,89,343,-1001,-487,319,1169},
  {-189,-99,57,231,-63,-33,19,77,63,33,-19,-77,189,99,-57,-231},
  {12663,13237,13027,11865,5473,5363,5045,4495,-4179,-4497,-4503,-4125,-13957,-14103,-13569,-12235},
  {-1974,-938,504,2408,-834,-350,240,944,672,336,-162,-846,2136,952,-582,-2506},
  {2254,490,-924,-1820,490,94,-204,-380,-924,-204,378,750,-1820,-380,750,1450},
  {-245,-91,91,245,-35,-13,13,35,105,39,-39,-105,175,65,-65,-175},
  {-6552,-6188,-5684,-5040,-3592,-3380,-3116,-2800,1856,1756,1604,1400,8288,7812,7196,6440},
  {931,357,-287,-1001,461,171,-145,-487,-293,-115,89,319,-1099,-413,343,1169},
  {-245,-35,105,175,-91,-13,39,65,91,13,-39,-65,245,35,-105,-175},
  {2058,1932,1806,1680,1238,1172,1106,1040,-524,-486,-448,-410,-2772,-2618,-2464,-2310},
  {-189,-63,63,189,-99,-33,33,99,57,19,-19,-57,231,77,-77,-231},
  {-273,-273,-273,-273,-175,-175,-175,-175,63,63,63,63,385,385,385,385}
};


template<>
const int CFInterpMatrix<5,2,4,2,1>::s_int[] =
{5, 2, 4, 16384, 80248, 21};
template<>
const int CFInterpMatrix<5,2,4,2,1>::s_lattice[][2] =
{
  {0,0},
  {1,0},
  {2,0},
  {-1,0},
  {-2,0},
  {-3,0},
  {0,1},
  {1,1},
  {2,1},
  {-1,1},
  {-2,1},
  {0,-1},
  {1,-1},
  {2,-1},
  {-1,-1},
  {0,-2},
  {1,-2},
  {2,-2},
  {0,-3},
  {1,-3},
  {0,-4}
};
template<>
const int CFInterpMatrix<5,2,4,2,1>::s_matrix[][16] =
{
  {666,7828,12464,13518,9106,14400,17068,16342,17486,20576,21268,18986,23598,24612,23736,20490},
  {2479,-447,-1549,-483,-953,-1463,-285,2701,-4221,-2291,967,5545,-6509,-2723,1903,7329},
  {-763,-13,377,399,-7,143,61,-197,693,259,-239,-713,1169,311,-451,-1029},
  {8008,1816,-3392,-6432,7700,1676,-3268,-6108,7084,1524,-3004,-5604,6160,1360,-2600,-4920},
  {-2002,-654,808,1848,-1848,-616,742,1722,-1694,-578,676,1596,-1540,-540,610,1470},
  {231,89,-89,-231,231,89,-89,-231,231,89,-89,-231,231,89,-89,-231},
  {1212,-438,-1530,-1896,-92,-682,-982,-968,-812,-246,182,400,-308,1366,2330,2464},
  {-1098,-66,534,630,-190,74,130,-14,518,86,-226,-378,770,-94,-438,-238},
  {301,27,-139,-189,63,-7,-33,-23,-133,-19,59,93,-231,-1,113,119},
  {-1309,-243,571,981,-539,-85,237,387,385,79,-167,-297,1463,249,-641,-1071},
  {231,57,-99,-189,77,19,-33,-63,-77,-19,33,63,-231,-57,99,189},
  {16338,14098,11536,8820,6502,5558,4616,3700,-5628,-4848,-3918,-2910,-17212,-14808,-12234,-9610},
  {-5159,-1617,1813,4963,-1793,-519,643,1669,1911,609,-669,-1851,5041,1527,-1787,-4781},
  {980,196,-406,-770,308,52,-130,-230,-378,-78,156,300,-910,-170,380,700},
  {539,21,-245,-315,77,3,-35,-45,-231,-9,105,135,-385,-15,175,225},
  {-7287,-6293,-5369,-4515,-3865,-3419,-2999,-2605,2129,1795,1487,1205,9023,7917,6881,5915},
  {1666,462,-602,-1526,734,210,-262,-682,-566,-154,206,514,-1834,-518,658,1694},
  {-245,-35,105,175,-91,-13,39,65,91,13,-39,-65,245,35,-105,-175},
  {2058,1932,1806,1680,1238,1172,1106,1040,-524,-486,-448,-410,-2772,-2618,-2464,-2310},
  {-189,-63,63,189,-99,-33,33,99,57,19,-19,-57,231,77,-77,-231},
  {-273,-273,-273,-273,-175,-175,-175,-175,63,63,63,63,385,385,385,385}
};


template<>
const int CFInterpMatrix<5,2,4,0,2>::s_int[] =
{5, 2, 4, 16384, 217924, 21};
template<>
const int CFInterpMatrix<5,2,4,0,2>::s_lattice[][2] =
{
  {0,0},
  {-1,0},
  {-2,0},
  {-3,0},
  {-4,0},
  {-5,0},
  {0,1},
  {-1,1},
  {-2,1},
  {-3,1},
  {-4,1},
  {0,2},
  {-1,2},
  {-2,2},
  {-3,2},
  {0,-1},
  {-1,-1},
  {-2,-1},
  {0,-2},
  {-1,-2},
  {0,-3}
};
template<>
const int CFInterpMatrix<5,2,4,0,2>::s_matrix[][16] =
{
  {-90,5438,15134,30374,3904,9948,19584,33980,6848,12596,21264,33828,7902,12590,19478,29366},
  {26832,18856,-2604,-43084,25006,16858,-2870,-38994,21670,14274,-2662,-33282,17064,11248,-2028,-26284},
  {-24162,-20982,-608,45752,-20858,-18222,-652,39732,-17444,-15444,-754,33642,-14040,-12720,-890,27650},
  {14073,13303,1345,-28721,12507,11957,1331,-25795,11031,10681,1311,-23023,9645,9475,1285,-20405},
  {-4602,-4582,-672,9856,-4368,-4368,-658,9394,-4134,-4154,-644,8932,-3900,-3940,-630,8470},
  {663,681,119,-1463,663,681,119,-1463,663,681,119,-1463,663,681,119,-1463},
  {1441,-83,-2975,-7587,-93,-881,-2101,-3849,-847,-451,425,1909,-501,1415,4651,9527},
  {-8060,-5556,952,12664,-2964,-1852,472,4344,2632,1896,-260,-4268,8392,5512,-1164,-12740},
  {6541,5211,-293,-11459,1947,1533,-99,-3381,-2327,-1857,103,4081,-6161,-4887,289,10759},
  {-2574,-2194,-6,4774,-738,-638,-10,1386,918,778,-2,-1694,2394,2054,18,-4466},
  {351,321,21,-693,117,107,7,-231,-117,-107,-7,231,-351,-321,-21,693},
  {-406,-140,392,1246,-34,68,224,442,194,100,-104,-442,246,-28,-512,-1246},
  {1484,1008,-196,-2296,364,216,-68,-512,-592,-412,72,932,-1256,-812,192,1876},
  {-1120,-840,98,1862,-200,-144,22,322,470,354,-40,-784,850,630,-80,-1400},
  {315,245,-21,-539,45,35,-3,-77,-135,-105,9,231,-225,-175,15,385},
  {5005,6391,7931,9625,1315,1497,1685,1879,-2075,-2689,-3373,-4127,-4245,-5199,-6243,-7377},
  {2618,1078,-770,-2926,294,106,-94,-306,-1166,-482,342,1306,-1746,-702,522,1926},
  {-385,-231,77,539,-15,-9,3,21,175,105,-35,-245,225,135,-45,-315},
  {-1540,-1694,-1848,-2002,-540,-578,-616,-654,610,676,742,808,1470,1596,1722,1848},
  {-231,-77,77,231,-57,-19,19,57,99,33,-33,-99,189,63,-63,-189},
  {231,231,231,231,89,89,89,89,-89,-89,-89,-89,-231,-231,-231,-231}
};


template<>
const int CFInterpMatrix<5,2,4,1,2>::s_int[] =
{5, 2, 4, 16384, 80248, 21};
template<>
const int CFInterpMatrix<5,2,4,1,2>::s_lattice[][2] =
{
  {0,0},
  {1,0},
  {-1,0},
  {-2,0},
  {-3,0},
  {-4,0},
  {0,1},
  {1,1},
  {-1,1},
  {-2,1},
  {-3,1},
  {0,2},
  {1,2},
  {-1,2},
  {-2,2},
  {0,-1},
  {1,-1},
  {-1,-1},
  {0,-2},
  {1,-2},
  {0,-3}
};
template<>
const int CFInterpMatrix<5,2,4,1,2>::s_matrix[][16] =
{
  {666,9106,17486,23598,7828,14400,20576,24612,12464,17068,21268,23736,13518,16342,18986,20490},
  {1212,-92,-812,-308,-438,-682,-246,1366,-1530,-982,182,2330,-1896,-968,400,2464},
  {16338,6502,-5628,-17212,14098,5558,-4848,-14808,11536,4616,-3918,-12234,8820,3700,-2910,-9610},
  {-7287,-3865,2129,9023,-6293,-3419,1795,7917,-5369,-2999,1487,6881,-4515,-2605,1205,5915},
  {2058,1238,-524,-2772,1932,1172,-486,-2618,1806,1106,-448,-2464,1680,1040,-410,-2310},
  {-273,-175,63,385,-273,-175,63,385,-273,-175,63,385,-273,-175,63,385},
  {2479,-953,-4221,-6509,-447,-1463,-2291,-2723,-1549,-285,967,1903,-483,2701,5545,7329},
  {-1098,-190,518,770,-66,74,86,-94,534,130,-226,-438,630,-14,-378,-238},
  {-5159,-1793,1911,5041,-1617,-519,609,1527,1813,643,-669,-1787,4963,1669,-1851,-4781},
  {1666,734,-566,-1834,462,210,-154,-518,-602,-262,206,658,-1526,-682,514,1694},
  {-189,-99,57,231,-63,-33,19,77,63,33,-19,-77,189,99,-57,-231},
  {-763,-7,693,1169,-13,143,259,311,377,61,-239,-451,399,-197,-713,-1029},
  {301,63,-133,-231,27,-7,-19,-1,-139,-33,59,113,-189,-23,93,119},
  {980,308,-378,-910,196,52,-78,-170,-406,-130,156,380,-770,-230,300,700},
  {-245,-91,91,245,-35,-13,13,35,105,39,-39,-105,175,65,-65,-175},
  {8008,7700,7084,6160,1816,1676,1524,1360,-3392,-3268,-3004,-2600,-6432,-6108,-5604,-4920},
  {-1309,-539,385,1463,-243,-85,79,249,571,237,-167,-641,981,387,-297,-1071},
  {539,77,-231,-385,21,3,-9,-15,-245,-35,105,175,-315,-45,135,225},
  {-2002,-1848,-1694,-1540,-654,-616,-578,-540,808,742,676,610,1848,1722,1596,1470},
  {231,77,-77,-231,57,19,-19,-57,-99,-33,33,99,-189,-63,63,189},
  {231,231,231,231,89,89,89,89,-89,-89,-89,-89,-231,-231,-231,-231}
};


template<>
const int CFInterpMatrix<5,2,4,2,2>::s_int[] =
{5, 2, 4, 16384, 48048, 21};
template<>
const int CFInterpMatrix<5,2,4,2,2>::s_lattice[][2] =
{
  {0,0},
  {1,0},
  {2,0},
  {-1,0},
  {-2,0},
  {-3,0},
  {0,1},
  {1,1},
  {2,1},
  {-1,1},
  {-2,1},
  {0,2},
  {1,2},
  {2,2},
  {-1,2},
  {0,-1},
  {1,-1},
  {2,-1},
  {0,-2},
  {1,-2},
  {0,-3}
};
template<>
const int CFInterpMatrix<5,2,4,2,2>::s_matrix[][16] =
{
  {3270,12574,17504,17508,12574,17406,19444,17992,17504,19444,19802,17786,17508,17992,17786,16050},
  {2500,-1308,-1864,672,-2342,-1922,198,4066,-4638,-2026,1254,5410,-4724,-1668,1448,4944},
  {-910,134,482,294,308,212,-68,-452,840,208,-320,-728,854,146,-346,-654},
  {9625,1879,-4127,-7377,7931,1685,-3373,-6243,6391,1497,-2689,-5199,5005,1315,-2075,-4245},
  {-2002,-654,808,1848,-1848,-616,742,1722,-1694,-578,676,1596,-1540,-540,610,1470},
  {231,89,-89,-231,231,89,-89,-231,231,89,-89,-231,231,89,-89,-231},
  {2500,-2342,-4638,-4724,-1308,-1922,-2026,-1668,-1864,198,1254,1448,672,4066,5410,4944},
  {-3044,340,1584,1120,340,316,-32,-624,1584,-32,-764,-788,1120,-624,-788,292},
  {938,-50,-454,-434,-70,-50,18,102,-462,6,218,238,-406,94,218,94},
  {-2926,-306,1306,1926,-770,-94,342,522,1078,106,-482,-702,2618,294,-1166,-1746},
  {231,57,-99,-189,77,19,-33,-63,-77,-19,33,63,-231,-57,99,189},
  {-910,308,840,854,134,212,208,146,482,-68,-320,-346,294,-452,-728,-654},
  {938,-70,-462,-406,-50,-50,6,94,-454,18,218,218,-434,102,238,94},
  {-294,14,140,140,14,10,-4,-20,140,-4,-66,-70,140,-20,-70,-50},
  {539,21,-245,-315,77,3,-35,-45,-231,-9,105,135,-385,-15,175,225},
  {9625,7931,6391,5005,1879,1685,1497,1315,-4127,-3373,-2689,-2075,-7377,-6243,-5199,-4245},
  {-2926,-770,1078,2618,-306,-94,106,294,1306,342,-482,-1166,1926,522,-702,-1746},
  {539,77,-231,-385,21,3,-9,-15,-245,-35,105,175,-315,-45,135,225},
  {-2002,-1848,-1694,-1540,-654,-616,-578,-540,808,742,676,610,1848,1722,1596,1470},
  {231,77,-77,-231,57,19,-19,-57,-99,-33,33,99,-189,-63,63,189},
  {231,231,231,231,89,89,89,89,-89,-89,-89,-89,-231,-231,-231,-231}
};


